TrackingNumber
771101552675
283838819935
283843094467
283840545831
283840253246
771100229385
771102037851
283845458602
283846684336
283846737973
771100214670
283856074190
283839699245
283843614672
283839529761
283856197539
283846743707
283845650526
771102417151
283847893170
771105181150
283847627623
283844622909
283846634240
283846791146
771100252707
283846156160
771100261929
283846541113
283846829588
283849283338
283836566171
283835997017
283849154236
283838706830
771104070670
283850332311
283854976470
283854908753
283835727070
283854471199
283839117539
771104769594
283846352950
283838197963
283850650970
283850404050
771105114473
283839870182
283851330863
283835855095
283849608930
283836455734
283846147224
771108064544
771113728224
771113758694
771126927407
771111194947
771101217572
771106782219
771102118550
771115066870
771113450353
771113010771
771111105051
771112700340
771104802645
771116133330
283849503144
283840606322
283833174560
771126076926
771110499995
771101847468
771110696204
771113201577
771116429140
771106812969
771100942006
771115128470
771105390687
771101080237
771102040148
771101067630
771101144507
283846820639
771107439283
771101158032
771113706930
771101170353
771113386914
771102427141
771102081549
771112367810
283848575331
771114419559
771113205138
771113684070
771103948790
771106639558
771100751760
771100782585
771100768927
771100817150
771114626556
771107126540
771100893221
771102669978
771102652777
771103517492
Not yet Generated
771107600245
283848639494
771110235738
771112080040
771106970552
283833121452
771100920696
771116868550
771127688109
771127129779
771127108597
771127133245
283841506006
283838616264
283845963524
283843794282
283839033727
283839489937
283853282194
283854021219
283839341826
283847637290
283853412631
283853586030
771104727462
283851167100
283853469858
283837871532
283843318831
283851385470
283853061043
283844536394
771100292468
771100273500
283855076038
283847933410
283835613818
283855260137
283855206471
283850488681
771100302521
771105242318
771108382427
771113464316
283847254854
771108041109
771106146280
771107614610
771112261290
771110645604
771106283759
771101132709
771101118896
771100704054
771102394216
771102058713
771101723479
771110101005
771107901993
771125699949
283848479128
771104142856
283847187100
771101789450
771116475460
Not yet Generated
771114639534
283844102097
771113129761
771104179121
771110868770
771101954668
771113312235
771101761193
283847018313
771115844568
771105080129
771112160831
771103847059
771114257360
771114235711
771127081612
771102443685
771103787781
771111758420
Not yet Generated
771106964189
771113476158
771113535345
771107263878
771106447116
Not yet Generated
771107426386
771108185030
771114134594
771102101420
771112587026
771115282827
771101229110
771112708535
283833256600
771108096300
771115157032
283837964588
771114216120
771104943409
771101240950
771101254511
771129431346
771102466220
771115677380
771107250179
771100834108
771101776082
771102486910
771111969640
771110937718
771108570750
771101313216
771101326124
771115193957
771102504897
771102525781
771116272800
771101343024
771115542270
771114449025
771113414480
771107188478
771103701216
771103651858
771129415795
771113576253
771107235168
771103726779
771100952809
771114302230
771107257368
771109177245
771107480409
771107195881
771105961827
771107766870
771100693204
771102362335
771115456799
771108045961
771101093318
771112728890
771104396288
771111408449
771101105716
771101747020
771108131659
771101188024
771106912034
771102408098
771112124605
771100241136
771100715143
771108181528
771100728338
771109534747
283833221000
771107907395
771113626354
771106852399
771100879880
771100907460
771102563999
771102582619
771107002220
771102605186
771103861052
771101792045
771114061724
771109622275
771101204609
283844144120
771116024696
771110404540
771115676395
283840700154
771115668434
771100738534
771115055736
771108385481
771101281700
771112834844
771101300157
771107565905
771101803491
771113987766
283839227966
771113464360
771105028087
771115011450
771109943455
771125679796
771100931947
771109991365
771103543743
771114450625
771110285239
283838857260
771101883341
283842822213
283849054748
771102695769
283844359047
283844069716
771102331050
283854916486
283847469017
283847361127
771104231325
283854479487
771104986673
283845044123
283849837335
771104495181
283854105741
283843963874
283852562470
283850040848
283849107940
771104465432
283849601270
283849272731
283838391088
283845954508
283844281079
283851771555
283853166508
283856559138
283844700930
283854214360
283854171558
283862279744
283839953973
283851201095
283839399740
283841609946
771101679067
283845689310
283855382145
771104318700
283840065060
283852711464
283846296784
283846452883
283845319587
283846091890
283852516416
771104541633
283847807741
283848878280
283853946840
771103878779
283844857416
283852722634
771104328630
283856459455
771102126526
283845194510
283854845766
283854997549
283845474610
283854815318
771104622799
771100326882
283845218338
771100309125
283838558073
